0.000000000000000000e+00
2.738700624764413630e-02
3.873107270664318674e-02
4.743567589218904840e-02
5.477398930809440625e-02
6.123916556560440871e-02
6.708412306369836153e-02
7.245910672923801255e-02
7.746200929177876615e-02
8.216082715706174433e-02
8.660506800376799319e-02
9.083210605967298457e-02
9.487097732704459496e-02
9.874477257190057700e-02
1.024722136667411687e-01
1.060687300959065466e-01
1.095472166816328780e-01
1.129185808340630731e-01
1.161921466558146626e-01
1.193759591668798886e-01
1.224770172610213093e-01
1.255014547955271287e-01
1.284546832667188554e-01
1.313415055848481949e-01
1.341662077968600042e-01
1.369326337664036330e-01
1.396442465287306700e-01
1.423041791161146763e-01
1.449152769816152986e-01
1.474801336587655276e-01
1.500011209304025761e-01
1.524804145059616145e-01
1.549200159984689684e-01
1.573217718328362991e-01
1.596873895934696197e-01
1.620184522227098300e-01
1.643164304056757008e-01
1.665826934168611884e-01
1.688185186557554229e-01
1.710251000601057114e-01
1.732035555541866223e-01
1.753549336640093659e-01
1.774802194106036568e-01
1.795803395753971243e-01
1.816561674175789787e-01
1.837085269115932284e-01
1.857381965631138554e-01
1.877459128536487776e-01
1.897323733570183968e-01
1.916982395651260496e-01
1.936441394554969664e-01
1.955706698288601220e-01
1.974783984414598959e-01
1.993678659537119202e-01
2.012395877141787137e-01
2.030940553955659644e-01
2.049317384974750078e-01
2.067530857289436863e-01
2.085585262823279606e-01
2.103484710087866749e-01
2.121233135045063056e-01
2.138834311158159807e-01
2.156291858704785236e-01
2.173609253416815268e-01
2.190789834505828537e-01
2.207836812126716119e-01
2.224753274326819463e-01
2.241542193523322346e-01
2.258206432547486264e-01
2.274748750290649657e-01
2.291171806983627879e-01
2.307478169138227064e-01
2.323670314176960461e-01
2.339750634774714066e-01
2.355721442933995935e-01
2.371584973813511965e-01
2.387343389328104026e-01
2.402998781536552220e-01
2.418553175832346969e-01
2.434008533951290132e-01
2.449366756808642187e-01
2.464629687177504191e-01
2.479799112219187862e-01
2.494876765875476410e-01
2.509864331131908544e-01
2.524763442160509186e-01
2.539575686349750949e-01
2.554302606228942563e-01
2.568945701293708361e-01
2.583506429738722798e-01
2.597986210103425675e-01
2.612386422836026068e-01
2.626708411780722119e-01
2.640953485592726357e-01
2.655122919085352029e-01
2.669217954513140034e-01
2.683239802794715745e-01
2.697189644678832376e-01
2.711068631856815569e-01
2.724877888024415662e-01
2.738618509895879294e-01
2.752291568172864356e-01
2.765898108470656869e-01
2.779439152203994068e-01
2.792915697434649736e-01
2.806328719682804618e-01
2.819679172704100956e-01
2.832967989234160266e-01
2.846196081702244696e-01
2.859364342915627355e-01
2.872473646716159346e-01
2.885524848610420690e-01
2.898518786374770784e-01
2.911456280636531835e-01
2.924338135432471564e-01
2.937165138745682635e-01
2.949938063021896317e-01
2.962657665666210138e-01
2.975324689521153254e-01
2.987939863326963263e-01
3.000503902164903813e-01
3.013017507884398483e-01
3.025481369514731456e-01
3.037896163662002769e-01
3.050262554892014810e-01
3.062581196099710690e-01
3.074852728865764551e-01
3.087077783800890596e-01
3.099256980878405954e-01
3.111390929755559753e-01
3.123480230084112463e-01
3.135525471810624021e-01
3.147527235466892059e-01
3.159486092450956018e-01
3.171402605299059041e-01
3.183277327948951241e-01
3.195110805994889058e-01
3.206903576934673761e-01
3.218656170409058270e-01
3.230369108433827074e-01
3.242042905624851201e-01
3.253678069416399699e-01
3.265275100272973519e-01
3.276834491894927703e-01
3.288356731418118351e-01
3.299842299607819163e-01
3.311291671047123519e-01
3.322705314320054115e-01
3.334083692189580561e-01
3.345427261770746452e-01
3.356736474699088535e-01
3.368011777294535047e-01
3.379253610720948098e-01
3.390462411141483279e-01
3.401638609869919727e-01
3.412782633518113284e-01
3.423894904139722084e-01
3.434975839370342232e-01
3.446025852564184588e-01
3.457045352927428095e-01
3.468034745648368444e-01
3.478994432024483663e-01
3.489924809586529841e-01
3.500826272219777491e-01
3.511699210282493988e-01
3.522544010721772589e-01
3.533361057186810705e-01
3.544150730139725702e-01
3.554913406964001488e-01
3.565649462070656917e-01
3.576359267002213183e-01
3.587043190534547898e-01
3.597701598776711918e-01
3.608334855268784391e-01
3.618943321077839892e-01
3.629527354892097546e-01
3.640087313113320455e-01
3.650623549947533131e-01
3.661136417494118556e-01
3.671626265833357050e-01
3.682093443112468001e-01
3.692538295630209966e-01
3.702961167920099661e-01
3.713362402832297016e-01
3.723742341614217355e-01
3.734101323989915677e-01
3.744439688238293540e-01
3.754757771270181843e-01
3.765055908704338372e-01
3.775334434942413386e-01
3.785593683242922114e-01
3.795833985794270782e-01
3.806055673786876148e-01
3.816259077484420725e-01
3.826444526294284221e-01
3.836612348837190045e-01
3.846762873016102424e-01
3.856896426084416296e-01
3.867013334713473305e-01
3.877113925059441635e-01
3.887198522829591329e-01
3.897267465626573779e-01
3.907321113473025131e-01
3.917359833950829762e-01
3.927383989176420065e-01
3.937393935906862152e-01
3.947390025643051081e-01
3.957372604730112764e-01
3.967342014455103594e-01
3.977298591142102158e-01
3.987242666244776301e-01
3.997174566436511034e-01
4.007094613698175545e-01
4.017003125403607600e-01
4.026900414402888040e-01
4.036786789103475881e-01
4.046662553549273955e-01
4.056528007497686716e-01
4.066383446494738485e-01
4.076229161948306534e-01
4.086065441199533410e-01
4.095892567592469002e-01
4.105710820541999539e-01
4.115520475600112915e-01
4.125321804520554192e-01
4.135115075321914024e-01
4.144900552349201628e-01
4.154678496333940041e-01
4.164449164452835306e-01
4.174212810385051764e-01
4.183969684368141762e-01
4.193720033252660850e-01
4.203464100555509564e-01
4.213202126512037293e-01
4.222934348126941573e-01
4.232660999223994969e-01
4.242382310494634545e-01
4.252098509545441107e-01
4.261809820944542082e-01
4.271516466266962464e-01
4.281218664138954910e-01
4.290916630281333410e-01
4.300610577551839397e-01
4.310300715986560283e-01
4.319987252840429837e-01
4.329670392626829845e-01
4.339350337156319126e-01
4.349027285574506574e-01
4.358701434399094299e-01
4.368372977556108649e-01
4.378042106415338530e-01
4.387709009825001005e-01
4.397373874145651396e-01
4.407036883283357298e-01
4.416698218722152625e-01
4.426358059555786095e-01
4.436016582518784723e-01
4.445673962016846170e-01
4.455330370156571074e-01
4.464985976774555887e-01
4.474640949465856221e-01
4.484295453611836790e-01
4.493949652407418505e-01
4.503603706887739366e-01
4.513257775954235829e-01
4.522912016400163493e-01
4.532566582935562693e-01
4.542221628211685625e-01
4.551877302844888340e-01
4.561533755440009275e-01
4.571191132613232622e-01
4.580849579014455442e-01
4.590509237349164051e-01
4.600170248399829132e-01
4.609832751046831212e-01
4.619496882288920414e-01
4.629162777263226003e-01
4.638830569264815740e-01
4.648500389765821694e-01
4.658172368434133626e-01
4.667846633151669367e-01
4.677523310032232762e-01
4.687202523438961932e-01
4.696884396001376749e-01
4.706569048632033292e-01
4.716256600542789723e-01
4.725947169260691361e-01
4.735640870643480493e-01
4.745337818894738713e-01
4.755038126578663982e-01
4.764741904634494096e-01
4.774449262390573212e-01
4.784160307578076976e-01
4.793875146344395155e-01
4.803593883266176201e-01
4.813316621362044856e-01
4.823043462104991130e-01
4.832774505434440093e-01
4.842509849768001917e-01
4.852249592012915502e-01
4.861993827577179017e-01
4.871742650380380124e-01
4.881496152864228666e-01
4.891254426002790701e-01
4.901017559312434990e-01
4.910785640861493051e-01
4.920558757279632212e-01
4.930336993766956111e-01
4.940120434102822644e-01
4.949909160654397122e-01
4.959703254384931204e-01
4.969502794861782036e-01
4.979307860264167718e-01
4.989118527390665192e-01
4.998934871666453894e-01
5.008756967150309602e-01
5.018584886541346268e-01
5.028418701185519701e-01
5.038258481081884232e-01
5.048104294888610122e-01
5.057956209928772262e-01
5.067814292195899073e-01
5.077678606359294911e-01
5.087549215769137101e-01
5.097426182461347599e-01
5.107309567162245934e-01
5.117199429292978996e-01
5.127095826973745440e-01
5.136998817027796926e-01
5.146908454985239523e-01
5.156824795086621949e-01
5.166747890286325084e-01
5.176677792255747201e-01
5.186614551386291572e-01
5.196558216792159790e-01
5.206508836312954136e-01
5.216466456516085648e-01
5.226431122699001230e-01
5.236402878891219803e-01
5.246381767856193035e-01
5.256367831092986220e-01
5.266361108837780414e-01
5.276361640065205805e-01
5.286369462489504123e-01
5.296384612565522287e-01
5.306407125489543963e-01
5.316437035199959027e-01
5.326474374377776488e-01
5.336519174446978653e-01
5.346571465574727622e-01
5.356631276671423025e-01
5.366698635390606542e-01
5.376773568128734304e-01
5.386856100024801641e-01
5.396946254959835709e-01
5.407044055556252671e-01
5.417149523177088311e-01
5.427262677925100975e-01
5.437383538641749059e-01
5.447512122906055243e-01
5.457648447033347505e-01
5.467792526073896875e-01
5.477944373811437506e-01
5.488104002761590161e-01
5.498271424170179111e-01
5.508446648011454672e-01
5.518629682986223584e-01
5.528820536519886142e-01
5.539019214760396714e-01
5.549225722576132114e-01
5.559440063553694467e-01
5.569662239995634145e-01
5.579892252918108309e-01
5.590130102048477267e-01
5.600375785822839791e-01
5.610629301383512901e-01
5.620890644576468365e-01
5.631159809948718120e-01
5.641436790745664176e-01
5.651721578908411869e-01
5.662014165071054261e-01
5.672314538557935437e-01
5.682622687380888271e-01
5.692938598236463310e-01
5.703262256503150995e-01
5.713593646238595003e-01
5.723932750176814466e-01
5.734279549725436187e-01
5.744634024962932406e-01
5.754996154635892980e-01
5.765365916156310888e-01
5.775743285598913257e-01
5.786128237698520138e-01
5.796520745847458800e-01
5.806920782093023536e-01
5.817328317134996540e-01
5.827743320323236498e-01
5.838165759655334908e-01
5.848595601774355668e-01
5.859032811966657928e-01
5.869477354159814420e-01
5.879929193428863332e-01
5.890388298718239879e-01
5.900854640649489946e-01
5.911328189112577958e-01
5.921808913262606167e-01
5.932296781516585016e-01
5.942791761550249019e-01
5.953293820294932592e-01
5.963802923934491407e-01
5.974319037902284801e-01
5.984842126878218149e-01
5.995372154785839625e-01
6.005909084789512464e-01
6.016452879291639411e-01
6.027003499929965979e-01
6.037560907574951452e-01
6.048125062327210921e-01
6.058695923515037274e-01
6.069273449691997557e-01
6.079857598634612614e-01
6.090448327340121093e-01
6.101045592024326725e-01
6.111649348119538860e-01
6.122259550272597384e-01
6.132876152342998655e-01
6.143499107401114712e-01
6.154128367726510174e-01
6.164763884806366834e-01
6.175405609334003731e-01
6.186053491207514909e-01
6.196707479528508200e-01
6.207367522600965026e-01
6.218033567930205674e-01
6.228705562221984460e-01
6.239383451381694812e-01
6.250067180513704246e-01
6.260756693920815907e-01
6.271451935103854458e-01
6.282152846761389631e-01
6.292859370789588569e-01
6.303571448282210277e-01
6.314289019530736624e-01
6.325012024024647683e-01
6.335740400451839172e-01
6.346474086699194217e-01
6.357213019853298341e-01
6.367957136201312096e-01
6.378706371231998018e-01
6.389460659636905238e-01
6.400219935311717290e-01
6.410984131357760907e-01
6.421753180083682455e-01
6.432527013007290906e-01
6.443305560857575109e-01
6.454088753576887605e-01
6.464876520323313835e-01
6.475668789473209008e-01
6.486465488623924802e-01
6.497266544596709270e-01
6.508071883439799921e-01
6.518881430431698876e-01
6.529695110084635656e-01
6.540512846148226478e-01
6.551334561613322283e-01
6.562160178716051062e-01
6.572989618942062240e-01
6.583822803030963122e-01
6.594659650980960741e-01
6.605500082053703537e-01
6.616344014779327320e-01
6.627191366961705521e-01
6.638042055683907039e-01
6.648895997313863937e-01
6.659753107510244519e-01
6.670613301228540681e-01
6.681476492727363992e-01
6.692342595574960473e-01
6.703211522655929677e-01
6.714083186178169127e-01
6.724957497680024154e-01
6.735834368037664222e-01
6.746713707472665744e-01
6.757595425559820290e-01
6.768479431235157051e-01
6.779365632804184028e-01
6.790253937950346819e-01
6.801144253743705015e-01
6.812036486649830636e-01
6.822930542538919729e-01
6.833826326695123798e-01
6.844723743826102158e-01
6.855622698072786347e-01
6.866523093019362145e-01
6.877424831703471408e-01
6.888327816626620415e-01
6.899231949764813576e-01
6.910137132579389219e-01
6.921043266028074070e-01
6.931950250576244255e-01
6.942857986208398335e-01
6.953766372439835752e-01
6.964675308328538428e-01
6.975584692487263316e-01
6.986494423095828132e-01
6.997404397913604690e-01
7.008314514292204311e-01
7.019224669188359744e-01
7.030134759177001369e-01
7.041044680464522143e-01
7.051954328902229063e-01
7.062863599999981146e-01
7.073772388940007261e-01
7.084680590590903826e-01
7.095588099521805692e-01
7.106494810016729113e-01
7.117400616089084586e-01
7.128305411496352884e-01
7.139209089754922077e-01
7.150111544155079990e-01
7.161012667776164298e-01
7.171912353501855852e-01
7.182810494035617443e-01
7.193706981916277998e-01
7.204601709533745568e-01
7.215494569144856873e-01
7.226385452889347860e-01
7.237274252805951935e-01
7.248160860848610332e-01
7.259045168902796830e-01
7.269927068801944614e-01
7.280806452343983048e-01
7.291683211307959933e-01
7.302557237470764795e-01
7.313428422623927672e-01
7.324296658590503384e-01
7.335161837242029081e-01
7.346023850515549514e-01
7.356882590430702251e-01
7.367737949106861750e-01
7.378589818780334486e-01
7.389438091821596277e-01
7.400282660752569575e-01
7.411123418263932949e-01
7.421960257232453895e-01
7.432793070738346053e-01
7.443621752082635323e-01
7.454446194804535963e-01
7.465266292698827799e-01
7.476081939833223444e-01
7.486893030565728857e-01
7.497699459561982804e-01
7.508501121812569679e-01
7.519297912650305671e-01
7.530089727767480534e-01
7.540876463233060489e-01
7.551658015509835620e-01
7.562434281471515085e-01
7.573205158419751282e-01
7.583970544101099609e-01
7.594730336723898301e-01
7.605484434975067209e-01
7.616232738036813332e-01
7.626975145603243078e-01
7.637711557896871284e-01
7.648441875685020319e-01
7.659166000296105947e-01
7.669883833635801063e-01
7.680595278203071752e-01
7.691300237106081239e-01
7.701998614077953942e-01
7.712690313492390759e-01
7.723375240379140028e-01
7.734053300439305279e-01
7.744724400060493119e-01
7.755388446331790142e-01
7.766045347058569970e-01
7.776695010777119332e-01
7.787337346769075408e-01
7.797972265075678866e-01
7.808599676511830401e-01
7.819219492679942984e-01
7.829831625983595389e-01
7.840435989640971437e-01
7.851032497698083867e-01
7.861621065041782819e-01
7.872201607412540048e-01
7.882774041416999999e-01
7.893338284540307725e-01
7.903894255158191440e-01
7.914441872548811929e-01
7.924981056904361054e-01
7.935511729342422660e-01
7.946033811917071477e-01
7.956547227629724439e-01
7.967051900439733325e-01
7.977547755274715380e-01
7.988034718040617488e-01
7.998512715631522774e-01
8.008981675939177425e-01
8.019441527862251062e-01
8.029892193098283615e-01
8.040333578087983657e-01
8.050765582445242874e-01
8.061188107230066180e-01
8.071601054948343013e-01
8.082004329551102373e-01
8.092397836433269376e-01
8.102781482431928861e-01
8.113155175824114940e-01
8.123518826324136466e-01
8.133872345080446209e-01
8.144215644672078147e-01
8.154548639104650665e-01
8.164871243805956746e-01
8.175183375621156712e-01
8.185484952807573489e-01
8.195775895029117075e-01
8.206056123350337073e-01
8.216325560230128833e-01
8.226584129515093213e-01
8.236831756432571039e-01
8.247068367583355597e-01
8.257293890934105374e-01
8.267508255809459250e-01
8.277711392883868591e-01
8.287903234173162881e-01
8.298083713025851127e-01
8.308252764114179012e-01
8.318410323424944020e-01
8.328556328250088514e-01
8.338690717177074108e-01
8.348813430079049525e-01
8.358924408104828618e-01
8.369023593668677430e-01
8.379110930439929161e-01
8.389186363332434837e-01
8.399249838493856313e-01
8.409301303294813845e-01
8.419340706317898215e-01
8.429367997346554064e-01
8.439383127353844438e-01
8.449386048491104306e-01
8.459376714076494164e-01
8.469355078583460372e-01
8.479321097629107795e-01
8.489274727962496936e-01
8.499215927452871133e-01
8.509144655077821584e-01
8.519060870911399075e-01
8.528964536112175754e-01
8.538855612911265824e-01
8.548734064600315152e-01
8.558599855519464228e-01
8.568452951045283372e-01
8.578293317578702393e-01
8.588120922532924695e-01
8.597935734321340284e-01
8.607737722345444320e-01
8.617526856982758998e-01
8.627303109574774309e-01
8.637066452414901008e-01
8.646816858736454670e-01
8.656554302700660841e-01
8.666278759384696828e-01
8.675990204769771230e-01
8.685688615729243445e-01
8.695373970016789800e-01
8.705046246254618536e-01
8.714705423921738081e-01
8.724351483342285274e-01
8.733984405673909102e-01
8.743604172896222160e-01
8.753210767799319836e-01
8.762804173972366106e-01
8.772384375792254829e-01
8.781951358412346531e-01
8.791505107751285131e-01
8.801045610481891268e-01
8.810572854020145561e-01
8.820086826514251799e-01
8.829587516833791172e-01
8.839074914558968654e-01
8.848549009969942647e-01
8.858009794036260098e-01
8.867457258406377107e-01
8.876891395397281670e-01
8.886312197984216343e-01
8.895719659790494172e-01
8.905113775077423410e-01
8.914494538734328843e-01
8.923861946268681899e-01
8.933215993796329579e-01
8.942556678031835515e-01
8.951883996278919842e-01
8.961197946421014526e-01
8.970498526911919734e-01
8.979785736766573434e-01
8.989059575551924253e-01
8.998320043377923128e-01
9.007567140888615986e-01
9.016800869253350781e-01
9.026021230158095543e-01
9.035228225796866353e-01
9.044421858863265218e-01
9.053602132542131198e-01
9.062769050501303658e-01
9.071922616883490997e-01
9.081062836298258167e-01
9.090189713814118555e-01
9.099303254950741326e-01
9.108403465671266463e-01
9.117490352374734153e-01
9.126563921888618536e-01
9.135624181461476923e-01
9.144671138755706696e-01
9.153704801840409910e-01
9.162725179184366686e-01
9.171732279649120745e-01
9.180726112482168189e-01
9.189706687310255084e-01
9.198674014132783849e-01
9.207628103315323997e-01
9.216568965583225026e-01
9.225496612015343656e-01
9.234411054037866551e-01
9.243312303418238507e-01
9.252200372259198335e-01
9.261075272992912444e-01
9.269937018375211668e-01
9.278785621479928025e-01
9.287621095693333606e-01
9.296443454708677168e-01
9.305252712520820646e-01
9.314048883420971148e-01
9.322831981991512862e-01
9.331602023100933341e-01
9.340359021898847480e-01
9.349102993811113649e-01
9.357833954535041965e-01
9.366551920034701384e-01
9.375256906536314494e-01
9.383948930523745569e-01
9.392628008734074108e-01
9.401294158153267189e-01
9.409947396011931753e-01
9.418587739781159041e-01
9.427215207168456734e-01
9.435829816113762147e-01
9.444431584785547562e-01
9.453020531577004393e-01
9.461596675102313947e-01
9.470160034192999232e-01
9.478710627894360030e-01
9.487248475461986796e-01
9.495773596358356716e-01
9.504286010249506367e-01
9.512785737001787645e-01
9.521272796678694750e-01
9.529747209537773323e-01
9.538208996027600639e-01
9.546658176784845740e-01
9.555094772631400613e-01
9.563518804571582432e-01
9.571930293789415733e-01
9.580329261645977867e-01
9.588715729676819954e-01
9.597089719589458889e-01
9.605451253260934852e-01
9.613800352735438759e-01
9.622137040222008553e-01
9.630461338092292101e-01
9.638773268878375600e-01
9.647072855270676373e-01
9.655360120115902278e-01
9.663635086415074404e-01
9.671897777321610823e-01
9.680148216139476958e-01
9.688386426321393685e-01
9.696612431467107607e-01
9.704826255321723494e-01
9.713027921774091133e-01
9.721217454855258788e-01
9.729394878736977725e-01
9.737560217730267809e-01
9.745713496284039712e-01
9.753854738983771533e-01
9.761983970550242029e-01
9.770101215838320474e-01
9.778206499835808696e-01
9.786299847662337514e-01
9.794381284568313140e-01
9.802450835933922413e-01
9.810508527268184675e-01
9.818554384208056929e-01
9.826588432517587846e-01
9.834610698087125069e-01
9.842621206932569144e-01
9.850619985194678518e-01
9.858607059138418949e-01
9.866582455152368425e-01
9.874546194717227499e-01
9.882498289516254975e-01
9.890438746656001756e-01
9.898367573745227022e-01
9.906284778894193233e-01
9.914190370714056622e-01
9.922084358316342056e-01
9.929966751312512274e-01
9.937837559813622601e-01
9.945696794430073373e-01
9.953544466271447844e-01
9.961380586946440019e-01
9.969205168562877972e-01
9.977018223727834867e-01
9.984819765547834347e-01
9.992609807629141416e-01
1.000038836407815213e+00
1.000815544950186986e+00
1.001591107900847710e+00
1.002365526820799380e+00
1.003138803321303563e+00
1.003910939063965557e+00
1.004681935760828537e+00
1.005451795174476803e+00
1.006220519118147694e+00
1.006988109455853486e+00
1.007754568102512405e+00
1.008519897024088730e+00
1.009284098237742455e+00
1.010047173811988053e+00
1.010809125866863001e+00
1.011569956574104756e+00
1.012329668157338602e+00
1.013088262892273272e+00
1.013845743106907449e+00
1.014602111181744482e+00
1.015357369550017097e+00
1.016111520697921655e+00
1.016864567164861954e+00
1.017616511543701918e+00
1.018367356481028496e+00
1.019117104677423891e+00
1.019865758887746887e+00
1.020613321921424843e+00
1.021359796642753670e+00
1.022105185971208918e+00
1.022849492881765743e+00
1.023592720405228640e+00
1.024334871628571175e+00
1.025075949695284816e+00
1.025815957805737755e+00
1.026554899217543504e+00
1.027292777245939925e+00
1.028029595264176477e+00
1.028765356703912781e+00
1.029500065055626079e+00
1.030233723869029339e+00
1.030966336753498691e+00
1.031697907378510415e+00
1.032428439474088799e+00
1.033157936831263779e+00
1.033886403302537671e+00
1.034613842802363015e+00
1.035340259307629740e+00
1.036065656858162987e+00
1.036790039557230481e+00
1.037513411572060340e+00
1.038235777134368654e+00
1.038957140540898161e+00
1.039677506153966036e+00
1.040396878402022551e+00
1.041115261780219958e+00
1.041832660850991354e+00
1.042549080244640436e+00
1.043264524659940795e+00
1.043978998864746766e+00
1.044692507696613148e+00
1.045405056063426708e+00
1.046116648944047656e+00
1.046827291388961578e+00
1.047536988520942014e+00
1.048245745535723028e+00
1.048953567702683776e+00
1.049660460365541947e+00
1.050366428943058983e+00
1.051071478929755720e+00
1.051775615896638927e+00
1.052478845491937598e+00
1.053181173441851248e+00
1.053882605551308416e+00
1.054583147704736046e+00
1.055282805866839757e+00
1.055981586083394319e+00
1.056679494482046566e+00
1.057376537273127415e+00
1.058072720750476314e+00
1.058768051292275247e+00
1.059462535361895386e+00
1.060156179508753294e+00
1.060848990369178901e+00
1.061540974667293913e+00
1.062232139215902649e+00
1.062922490917392437e+00
1.063612036764645774e+00
1.064300783841963582e+00
1.064988739326000022e+00
1.065675910486707956e+00
1.066362304688295515e+00
1.067047929390194438e+00
1.067732792148039067e+00
1.068416900614657106e+00
1.069100262541071267e+00
1.069782885777512460e+00
1.070464778274443640e+00
1.071145948083596089e+00
1.071826403359015911e+00
1.072506152358122300e+00
1.073185203442777569e+00
1.073863565080367399e+00
1.074541245844894188e+00
1.075218254418079500e+00
1.075894599590480061e+00
1.076570290262613971e+00
1.077245335446098018e+00
1.077919744264797863e+00
1.078593525955987786e+00
1.079266689871523077e+00
1.079939245479023757e+00
1.080611202363069179e+00
1.081282570226404394e+00
1.081953358891158290e+00
1.082623578300072165e+00
1.083293238517740731e+00
1.083962349731864450e+00
1.084630922254512964e+00
1.085298966523400077e+00
1.085966493103170505e+00
1.086633512686697500e+00
1.087300036096393141e+00
1.087966074285528384e+00
1.088631638339566665e+00
1.089296739477507270e+00
1.089961389053241358e+00
1.090625598556918874e+00
1.091289379616327881e+00
1.091952743998284348e+00
1.092615703610034572e+00
1.093278270500668947e+00
1.093940456862546595e+00
1.094602275032733552e+00
1.095263737494450496e+00
1.095924856878534248e+00
1.096585645964909261e+00
1.097246117684072653e+00
1.097906285118590120e+00
1.098566161504603844e+00
1.099225760233353055e+00
1.099885094852705913e+00
1.100544179068704498e+00
1.101203026747120894e+00
1.101861651915026385e+00
1.102520068762373073e+00
1.103178291643587716e+00
1.103836335079177999e+00
1.104494213757352350e+00
1.105151942535651521e+00
1.105809536442594387e+00
1.106467010679335505e+00
1.107124380621337112e+00
1.107781661820054442e+00
1.108438870004633703e+00
1.109096021083624928e+00
1.109753131146708816e+00
1.110410216466436673e+00
1.111067293499986786e+00
1.111724378890933229e+00
1.112381489471031326e+00
1.113038642262017985e+00
1.113695854477427361e+00
1.114353143524422274e+00
1.115010527005642071e+00
1.115668022721066910e+00
1.116325648669899140e+00
1.116983423052462010e+00
1.117641364272115467e+00
1.118299490937191276e+00
1.118957821862945456e+00
1.119616376073531150e+00
1.120275172803989916e+00
1.120934231502263678e+00
1.121593571831227765e+00
1.122253213670745264e+00
1.122913177119742256e+00
1.123573482498307019e+00
1.124234150349812111e+00
1.124895201443059767e+00
1.125556656774453490e+00
1.126218537570194078e+00
1.126880865288502287e+00
1.127543661621869919e+00
1.128206947549038830e+00
1.128870742199182819e+00
1.129535063524920613e+00
1.130199929163978600e+00
1.130865356442651626e+00
1.131531362379238903e+00
1.132197963687455511e+00
1.132865176779818350e+00
1.133533017771006790e+00
1.134201502481196666e+00
1.134870646439366970e+00
1.135540464886580558e+00
1.136210972779236217e+00
1.136882184792292971e+00
1.137554115322465309e+00
1.138226778491390201e+00
1.138900188148764814e+00
1.139574357875453359e+00
1.140249300986565073e+00
1.140925030534501117e+00
1.141601559311971048e+00
1.142278899854977992e+00
1.142957064445772275e+00
1.143636065115773981e+00
1.144315913648462635e+00
1.144996621582236251e+00
1.145678200213236186e+00
1.146360660598140679e+00
1.147044013556925535e+00
1.147728269675590829e+00
1.148413439308855866e+00
1.149099532582819938e+00
1.149786559397590224e+00
1.150474529429875714e+00
1.151163452135548049e+00
1.151853336752168611e+00
1.152544192301481418e+00
1.153236027591873158e+00
1.153928851220798579e+00
1.154622671577172355e+00
1.155317496843727643e+00
1.156013334999340003e+00
1.156710193821318233e+00
1.157408080887661006e+00
1.158107003579280425e+00
1.158806969082190941e+00
1.159507984389666069e+00
1.160210056304360693e+00
1.160913191440400283e+00
1.161617396225436805e+00
1.162322676902671770e+00
1.163029039532846198e+00
1.163736489996197498e+00
1.164445033994384149e+00
1.165154677052377297e+00
1.165865424520320381e+00
1.166577281575356562e+00
1.167290253223424168e+00
1.168004344301019959e+00
1.168719559476931291e+00
1.169435903253936981e+00
1.170153379970476637e+00
1.170871993802289346e+00
1.171591748764021057e+00
1.172312648710802874e+00
1.173034697339797816e+00
1.173757898191718274e+00
1.174482254652313928e+00
1.175207769953829473e+00
1.175934447176434361e+00
1.176662289249622573e+00
1.177391298953584631e+00
1.178121478920551191e+00
1.178852831636108212e+00
1.179585359440484593e+00
1.180319064529813167e+00
1.181053948957363486e+00
1.181790014634748642e+00
1.182527263333105205e+00
1.183265696684247636e+00
1.184005316181796053e+00
1.184746123182279565e+00
1.185488118906213639e+00
1.186231304439153256e+00
1.186975680732721194e+00
1.187721248605612567e+00
1.188468008744575810e+00
1.189215961705369917e+00
1.189965107913698583e+00
1.190715447666122362e+00
1.191466981130948177e+00
1.192219708349096852e+00
1.192973629234949318e+00
1.193728743577171736e+00
1.194485051039520185e+00
1.195242551161624256e+00
1.196001243359751776e+00
1.196761126927552876e+00
1.197522201036786305e+00
1.198284464738025967e+00
1.199047916961349491e+00
1.199812556517009243e+00
1.200578382096086250e+00
1.201345392271126133e+00
1.202113585496759507e+00
1.202882960110305710e+00
1.203653514332361674e+00
1.204425246267374794e+00
1.205198153904201819e+00
1.205972235116653302e+00
1.206747487664024066e+00
1.207523909191611455e+00
1.208301497231219601e+00
1.209080249201652357e+00
1.209860162409194251e+00
1.210641234048080328e+00
1.211423461200955565e+00
1.212206840839323618e+00
1.212991369823986920e+00
1.213777044905476998e+00
1.214563862724476806e+00
1.215351819812235057e+00
1.216140912590973011e+00
1.216931137374285488e+00
1.217722490367534993e+00
1.218514967668240523e+00
1.219308565266461919e+00
1.220103279045179789e+00
1.220899104780671651e+00
1.221696038142885854e+00
1.222494074695812616e+00
1.223293209897853950e+00
1.224093439102192704e+00
1.224894757557160929e+00
1.225697160406610031e+00
1.226500642690280918e+00
1.227305199344177034e+00
1.228110825200940059e+00
1.228917514990228721e+00
1.229725263339102703e+00
1.230534064772411229e+00
1.231343913713188076e+00
1.232154804483052368e+00
1.232966731302618024e+00
1.233779688291911647e+00
1.234593669470799071e+00
1.235408668759422568e+00
1.236224679978649155e+00
1.237041696850530670e+00
1.237859712998777173e+00
1.238678721949244110e+00
1.239498717130433914e+00
1.240319691874014030e+00
1.241141639415350939e+00
1.241964552894063045e+00
1.242788425354590887e+00
1.243613249746788663e+00
1.244439018926535301e+00
1.245265725656368394e+00
1.246093362606139898e+00
1.246921922353697587e+00
1.247751397385589600e+00
1.248581780097796745e+00
1.249413062796491225e+00
1.250245237698824452e+00
1.251078296933743950e+00
1.251912232542840897e+00
1.252747036481230092e+00
1.253582700618462553e+00
1.254419216739472320e+00
1.255256576545559000e+00
1.256094771655406506e+00
1.256933793606139771e+00
1.257773633854420536e+00
1.258614283777583776e+00
1.259455734674814309e+00
1.260297977768367161e+00
1.261141004204831884e+00
1.261984805056440839e+00
1.262829371322425454e+00
1.263674693930418202e+00
1.264520763737905007e+00
1.265367571533726476e+00
1.266215108039630888e+00
1.267063363911879126e+00
1.267912329742904021e+00
1.268761996063023423e+00
1.269612353342210120e+00
1.270463391991917934e+00
1.271315102366967320e+00
1.272167474767488926e+00
1.273020499440928655e+00
1.273874166584113787e+00
1.274728466345381728e+00
1.275583388826772691e+00
1.276438924086287008e+00
1.277295062140207271e+00
1.278151792965488198e+00
1.279009106502213333e+00
1.279866992656120139e+00
1.280725443835470490e+00
1.281584457478892158e+00
1.282444033504109848e+00
1.283304171764569457e+00
1.284164872049587514e+00
1.285026134084516380e+00
1.285887957530924997e+00
1.286750341986793611e+00
1.287613286986724948e+00
1.288476792002169136e+00
1.289340856441665073e+00
1.290205479651095999e+00
1.291070660913960166e+00
1.291936399451656170e+00
1.292802694423783816e+00
1.293669544928458315e+00
1.294536950002640685e+00
1.295404908622481921e+00
1.296273419703681373e+00
1.297142482101860228e+00
1.298012094612948752e+00
1.298882255973587529e+00
1.299752964861543125e+00
1.300624219896137301e+00
1.301496019638690660e+00
1.302368362592979167e+00
1.303241247205704223e+00
1.304114671866976716e+00
1.304988634910813960e+00
1.305863134615649512e+00
1.306738169204856082e+00
1.307613736847281105e+00
1.308489835657795197e+00
1.309366463697852812e+00
1.310243618976064894e+00
1.311121299448783750e+00
1.311999503020700120e+00
1.312878227545451582e+00
1.313757470826242502e+00
1.314637230616475527e+00
1.315517504620393963e+00
1.316398290493735024e+00
1.317279585844393752e+00
1.318161388233098030e+00
1.319043695174093145e+00
1.319926504135836565e+00
1.320809812541702710e+00
1.321693617770697937e+00
1.322577917158183514e+00
1.323462707996609478e+00
1.324347987536256044e+00
1.325233752985984781e+00
1.326120001513997559e+00
1.327006730248604383e+00
1.327893936278999210e+00
1.328781616656042663e+00
1.329669768393053619e+00
1.330558388466607678e+00
1.331447473817342519e+00
1.332337021350769701e+00
1.333227027938094666e+00
1.334117490417041418e+00
1.335008405592684300e+00
1.335899770238285544e+00
1.336791581096138382e+00
1.337683834878415468e+00
1.338576528268022647e+00
1.339469657919457823e+00
1.340363220459674709e+00
1.341257212488949913e+00
1.342151630581756017e+00
1.343046471287637100e+00
1.343941731132088702e+00
1.344837406617441555e+00
1.345733494223748217e+00
1.346629990409672795e+00
1.347526891613383571e+00
1.348424194253448283e+00
1.349321894729731852e+00
1.350219989424295663e+00
1.351118474702299954e+00
1.352017346912906426e+00
1.352916602390183520e+00
1.353816237454012139e+00
1.354716248410993584e+00
1.355616631555356388e+00
1.356517383169865809e+00
1.357418499526732436e+00
1.358319976888521241e+00
1.359221811509061073e+00
1.360123999634353487e+00
1.361026537503481570e+00
1.361929421349517666e+00
1.362832647400430641e+00
1.363736211879992499e+00
1.364640111008682988e+00
1.365544341004593987e+00
1.366448898084331232e+00
1.367353778463915370e+00
1.368258978359680578e+00
1.369164493989171172e+00
1.370070321572036676e+00
1.370976457330923326e+00
1.371882897492364473e+00
1.372789638287667424e+00
1.373696675953797852e+00
1.374604006734261308e+00
1.375511626879981408e+00
1.376419532650174915e+00
1.377327720313223702e+00
1.378236186147543396e+00
1.379144926442447350e+00
1.380053937499008399e+00
1.380963215630916174e+00
1.381872757165330201e+00
1.382782558443728993e+00
1.383692615822755601e+00
1.384602925675058271e+00
1.385513484390127781e+00
1.386424288375128766e+00
1.387335334055728175e+00
1.388246617876917943e+00
1.389158136303833890e+00
1.390069885822569073e+00
1.390981862940983582e+00
1.391894064189507896e+00
1.392806486121942688e+00
1.393719125316252860e+00
1.394631978375356907e+00
1.395545041927911400e+00
1.396458312629089482e+00
1.397371787161355572e+00
1.398285462235233645e+00
1.399199334590071064e+00
1.400113400994797086e+00
1.401027658248676033e+00
1.401942103182054700e+00
1.402856732657105310e+00
1.403771543568562707e+00
1.404686532844456659e+00
1.405601697446837939e+00
1.406517034372500419e+00
1.407432540653696496e+00
1.408348213358848300e+00
1.409264049593253354e+00
1.410180046499784456e+00
1.411096201259585348e+00
1.412012511092760159e+00
1.412928973259058196e+00
1.413845585058553178e+00
1.414762343832318248e+00
1.415679246963094995e+00
1.416596291875957814e+00
1.417513476038973153e+00
1.418430796963853879e+00
1.419348252206608985e+00
1.420265839368188177e+00
1.421183556095121592e+00
1.422101400080155065e+00
1.423019369062880735e+00
1.423937460830362989e+00
1.424855673217759522e+00
1.425774004108938620e+00
1.426692451437091780e+00
1.427611013185341893e+00
1.428529687387347646e+00
1.429448472127902825e+00
1.430367365543533165e+00
1.431286365823087658e+00
1.432205471208326752e+00
1.433124679994507433e+00
1.434043990530962986e+00
1.434963401221680757e+00
1.435882910525875911e+00
1.436802516958561204e+00
1.437722219091114528e+00
1.438642015551843123e+00
1.439561905026543798e+00
1.440481886259061373e+00
1.441401958051843790e+00
1.442322119266494784e+00
1.443242368824323663e+00
1.444162705706892647e+00
1.445083128956562879e+00
1.446003637677036213e+00
1.446924231033897446e+00
1.447844908255152552e+00
1.448765668631765813e+00
1.449686511518196275e+00
1.450607436332930655e+00
1.451528442559016918e+00
1.452449529744595402e+00
1.453370697503428621e+00
1.454291945515431284e+00
1.455213273527198758e+00
1.456134681352534210e+00
1.457056168872976842e+00
1.457977736038328365e+00
1.458899382867179684e+00
